8302763
5691954
6160450
8986866
7703758
2932985
8015545
8143807
7754899
9841548
3254328
3629322
3171905
1480733
7433533
4550504
3908880
1711837
2178073
2720166
8573207
3058715
9268990
4698794
8521542
4418806
1429977
7081194
8406514
4238603
5464796
4429988
5960191
8312439
1393809
2876903
6327475
6839477
1596854
1263896
6990656
4237212
2215873
4062531
7385833
5579794
7636727
2640886
2914089
6869442
9462314
7557506
7218050
1502272
4002285
4379391
2824766
9340562
4403172
9930530
3067786
9542227
8077089
3245149
1402291
3990402
7932285
5581627
3444429
5048953
2248914
1960647
2285399
7600060
3429774
2669141
3631723
2171062
2360561
7596409
4487732
2467907
8130083
1282603
1856404
8542969
5309400
3811930
6577817
7203691
8273049
4757391
9275966
3895927
2398463
7420938
1706043
3857601
5098547
5865282
6153356
1470148
5257309
9405804
3133167
2966127
9368221
1333337
1516506
4608349
8322604
4052675
1437386
1582671
1292951
1190752
2165529
4243802
2270655
8947764
4014238
3667008
9035966
7009196
5530317
1791483
8412618
1693023
4026909
5654680
9254672
5442036
3864600
7777442
3546134
5490420
3563552
2111096
8443461
8383254
6097459
6210131
7288065
7453342
1595083
1127148
1871202
7099668
2148622
2986329
5905606
2970372
7821470
1696966
1130785
8737765
6090696
5151003
8745199
1803973
5826823
6209597
3366573
7986819
9880658
5088039
4810473
7149203
8765437
2647881
2535000
6221018
5097707
6367476
9772864
3814612
8985703
4452646
6673374
3075326
7184033
1278397
6484164
9490451
4696576
7921587
1960122
4565440
4465120
6604024
7142667
8094036
9899299
6338958
2375692
2441485
2680589
4835988
5850788
2844029
7918966
5055272
1355766
8622876
8297063
5949527
1883000
4599414
9261677
3274823
7622164
8335641
7816713
2781327
7331171
9642520
6772080
6509420
5502461
7202619
5679475
2445327
1597021
9580821
9337164
8889676
7806914
5566038
1315590
4994234
4228522
2080873
9124662
5854612
4376357
5852207
4812971
4436278
9555938
5695946
2459044
2038440
2922384
3941077
3633386
1432439
1182924
6877094
9507137
2063523
5775211
7068726
1371739
1538840
2382332
8823761
9466084
7372728
5366660
4809227
9071508
4867125
4328890
1139084
2262340
5102913
8546254
4070213
1399619
4236437
3646673
1688458
5718982
9270086
4167130
7812336
6171817
6725619
8029245
7310901
4309017
1389740
5993653
8275349
4122999
7632378
8841281
3223141
6847669
1485034
6347278
9699473
5142807
8918597
5077774
6207280
2129488
2369489
6762902
3399569
2504489
3874989
5893648
6793654
3503376
3403585
3636417
6935957
9917381
1925311
5146614
3930766
3844018
7333527
6907152
6753885
8469927
1173078
2657205
2559047
5507841
7285436
1115348
3252744
9769903
9868799
4361944
4028979
5412280
8195852
3040596
2140301
2524178
3801922
4338319
4182789
1542944
7744036
5544129
5134645
8267922
7157688
8664167
9665753
8881793
8490462
6070984
3803774
3558473
3971951
5803396
9041690
2766940
7202174
3043230
9717463
8557109
2436019
8027981
3648857
2308553
7766861
7306394
1195635
3244709
4685254
5445514
6003824
2146204
7174598
7336228
2263293
4596409
5742552
9330770
5344919
6759583
4089352
3358429
8362373
8354544
7724582
4437365
8554534
8661595
2368744
5954224
6088356
9145846
8823652
8113904
6124024
8480924
2254041
9426402
5307503
6517951
1245683
5202221
1490378
8763335
9314720
2019475
5859284
7587721
1334367
2066947
3016040
6726426
8376825
6104140
8291400
5737699
7916107
1685736
5063554
9152597
3811334
9395260
2889094
7709340
9833282
9526642
7493110
9856333
1737298
9969442
5564927
1733149
5780978
5296940
7153259
4588535
8782193
3195234
2495761
3466884
8323542
7882260
3672575
1917479
7896756
2237985
5595514
3920697
1998486
9602362
9623762
7843977
7017491
5960501
1993573
2511194
6912266
8974975
1502252
8945383
9009943
4025569
4067371
4364143
9458357
8943342
7161553
1297954
5604546
2364362
8136121
1975859
3484994
8260748
5589128
9416634
7281995
1117720
3291729
8784651
2637533
4637800
4319451
8393253
3394919
4216007
3023046
5261480
5081695
6116488
5062689
1584240
7213633
6927265
8303158
4413823
2467402
4850990
1254719
2166275
5856409
9909879
2200485
9243586
2900840
8123775
4198431
3088474
1461560
7643726
7797597
3862370
3929390
3873886
8225071
3185806
9626158
3752160
4826266
5736397
4725327
3146025
6449874
4235492
6727055
9962161
7265127
1299683
2608694
4309110
1202943
5971639
3263692
4598700
2112442
2706532
2047526
5157965
7567507
9426504
3272900
6938802
5911729
3680630
3953152
5183774
8389240
9698851
9827032
9886774
2597959
7268084
3958031
2302094
2022341
5579392
4796766
4228379
5748637
7371295
8229117
2342169
8736716
8371250
8834692
3351027
5719195
8837240
5722172
3614148
5892440
4684197
9355665
4323116
1701397
3493932
1138821
8413666
2700974
3623672
7360440
1229572
8856409
5118896
1280976
8712392
5606028
9521031
6906655
9375642
3265611
9716306
8546322
1421226
8018117
4392910
7785605
4086188
4488100
9193965
5712031
3584325
1938153
1556585
3852696
3969163
1378767
8476875
3087774
1134894
5339899
8584111
9520059
7183188
4608863
9300357
4765495
4771083
6859147
9506415
9964367
7663472
8592202
4892423
8742161
2695657
5488962
9785732
7015952
6789479
6392178
7056214
5479551
7804255
3044601
6471769
2370542
1870377
6233816
1530299
8912140
2699259
5688127
9157165
6706530
1639788
2610033
7034680
5137639
5621180
1564285
8757887
1388529
8078156
8201429
6991774
2390634
5523366
2026732
1545231
4185772
5540907
2986289
1965765
2985908
8309867
2008035
7283161
9574966
9647698
5765721
8902352
4201109
6178485
9057115
3713441
4862783
9117957
5929568
5560099
9988649
1812262
8750440
9742175
9433295
1385424
4440234
6372429
8590751
6773808
6920899
2742677
9757070
6966773
2805114
2868472
4851221
6723898
5557186
2623778
1766377
2804218
9514272
3612761
4506977
8861260
4332175
4940730
5810715
9659392
5233603
1277456
7874062
2447642
4687653
3849392
1190756
4573856
3946148
6835229
2010392
7430793
9137441
6233357
2167838
6664511
7540402
2757446
6733127
2730537
4350646
9517084
1494923
2841954
1916214
9828067
9749326
1554516
8631828
3500116
6147322
4897519
8196238
4883310
3352653
3160477
6779081
8955048
1835599
6759326
8073695
3973701
1735787
9147983
6392532
9353395
7601580
9682572
3976842
6637404
2984378
3152833
5310690
5350271
2978769
9843138
8279549
2219461
5560976
8665494
5021240
3930472
6134025
3288239
8291815
3016552
2517088
6816430
4547936
2299669
3253646
6781391
1142763
6233346
3195910
1618851
4348272
7529871
4517058
2681341
2173175
1183519
6318682
6999783
8435845
4306554
7790092
9450591
9392443
7081627
7348802
9705998
6637177
1658670
8192648
7585334
9035063
7022812
8043179
7972863
3838827
4832925
5736982
3839256
1449456
2025154
1640398
2411059
3789053
7825958
7516037
9943591
4411965
7629838
2624039
6616369
9819493
4727746
2897232
9728538
8976267
9085518
3109828
3893559
9180035
1483415
8527068
2622986
2753810
2154622
6306820
8875678
4486255
8894934
3925183
7347486
9628708
2570103
2274695
1172417
5026054
4877515
2293927
7414106
8735197
9527924
2052322
4453920
3685906
5426639
6470696
4339970
8111577
3343870
8705589
8929194
4418824
1613498
5843592
7432767
2788674
6268440
2387458
1574444
1816631
5478303
2534111
6857720
6376696
4674477
5144724
5830620
3187252
1875016
1585406
9176405
4523311
5970918
4946978
1666472
1598180
3188467
9338413
3236281
2156709
4733536
5991357
6172910
2817794
9267849
8061338
8514158
4373307
7849359
8320979
6373036
2339837
7165814
9660210
6020592
3347626
2414229
4816089
5362529
6744106
7646765
9762153
2568609
3144125
3986413
5661577
8017603
6056291
9131270
9452253
7143671
5344525
4210479
3365487
2880537
3413810
6435044
6724399
1702757
1815111
1227104
1689014
1762041
2936157
4495329
1810396
1545397
3793277
9545885
6749678
3784977
4046860
9028154
4068427
9328810
8354818
8818336
3801716
5530186
2077078
9696364
7525925
4568162
5949438
3024411
2775045
8344120
6899524
9046406
7577331
8235009
5581987
9118784
9197539
8911247
6166839
2948221
8466716
6516193
5817754
9800814
6002565
5744101
7194882
2943356
7116434
1383713
5242739
8636835
2535928
9154573
9829638
1805767
6961793
2710900
6683857
4774310
6386996
7633672
5356789
6542398
5741210
6562169
7279175
7231935
2193967
5816412
1227916
1280968
8251837
8398095
2692237
9167099
2108370
8928638
3862791
9296421
4518597
9462249
4156711
3251516
5044147
4470719
1619989
3972424
3045125
3240346
3268801
9736336
7684145
5826907
7064701
9926844
8933638
7225076
7991711
9900141
5377345
9309804
7515391
4919808
6938370
3698915
9032521
2115751
2728977
9070041
8457128
5186771
3463623
2726645
6450014
8011855
3520031
3656586
1848295
4037936
6159379
8949578
9415130
8885933
4706302
4086844
3785205
2830532
9587262
9964452
8318942
3278651
7019072
4153212
7704804
6777304
9888693
6597800
6233099
4860503
8581243
6283412
6963925
1714275
3778287
8554775
7713306
4400987
6340951
4671066
9642144
5667093
8912467
7317700
5943275
8851728
5828599
8896030
7567738
1631759
4852929
5973724
9244530
5839828
6323167
2984063
5685432
2037142
5204631
6321377
7411713
6170556
2929187
8766351
2420392
1176231
5079259
2190405
2486521
1413052
1520908
3886000
9938791
4375634
1743915
3606191
4990596
4486361
4996869
6896800
1526325
4703634
1542119
3555593
6972731
4163019
2432921
6401699
3868551
5177202
5286591
4891282
5063530
7067902
3077363
1213018
2596023
8506722
1469785
6866542
8328456
3507279
7259405
6085150
1928339
1175105
6252945
5880987
2734876
5862360
1552855
7299464
9945491
9153182
3072775
3303183
9160860
9743509
2535860
7372602
4216861
8247121
5729416
8556367
7446985
8962705
6741388
9305201
8169877
9349864
8891031
5478170
2202111
2134097
8671336
3129558
5915549
9814793
6795411
4746547
8863392
9545630
5721034
3394969
3324869
6291629
7430808
5073396
3137438
7772072
9407425
6422439
9334549
9467579
4778030
3091234
9710626
9883002
3901669
5206629
9211936
3170446
6203723
5192527
4547390
5367728
9940099
7389324
3562237
4348780
7070878
8392716
8702957
5372693
1987673
1800835
1406997
4285724
9213819
7064660
9976747
3691316
6492304
8577243
1792802
1200582
8319536
9431904
3678792
2047649
3126357
8924046
7762254
8659322
4957231
7903028
5181871
6089615
4975643
1448643
1421970
5705602
4664057
4988047
5903411
3966483
8593337
6609673
6684604
2291705
6251119
2546937
8520559
7343655
2552923
3587972
8084283
6921399
1440940
9760340
3115328
7217262
2944172
4795774
9356588
4731289
3777616
6482574
9512688
3277418
4910579
6525117
1584666
2904488
1493693
6935487
9009726
7094110
8840617
5147210
3742394
9566533
2168780
1732086
9154611
1369187
5453855
8153997
6881362
2436909
2957780
5330335
9013893
8698794
8405949
7932801
7419250
2230617
4886648
1878661
4001232
6778382
2728891
6645768
3973534
6824325
8172420
1825196
5215728
2378515
5257499
3963574
4562228
8378754
2235640
4305648
6135583
6960691
5609387
1134294
8352090
6974918
6771735
8879120
7889645
6967755
3749516
6638260
6512633
9292700
3721524
1647893
6151391
4153867
2219544
4321999
6317265
7652950
4123897
5635672
1404670
6713279
3351989
1760289
6942776
9285769
7702703
5534049
3564209
8119488
8755220
3315485
4962119
4157182
5470320
2291454
9768860
9579213
5065329
5242182
1829790
7609156
3445578
7062717
2978077
4868894
9021311
7360903
5723121
3428578
4235089
8504716
7035755
6878155
8277025
5711421
6623772
3837995
8573008
8931350
2045016
3958057
6657310
7024917
2320532
8727313
4640383
6631536
9241345
4479245
5153058
2546983
5070590
2512849
9499279
9457043
7599207
8380822
6914164
4364445
7219158
5199340
2239841
4011066
3083152
7025559
4619007
4581375
7402631
5986538
7373275
7166191
5512760
4877349
5783121
4407568
9141470
6016632
6799251
1408231
7789521
6542057
2164920
9519005
6988883
7994477
7773240
1315149
9808832
4921447
1350693
7140733
6718278
4258429
8431742
2468572
8498714
8126897
8413337
7010027
7559809
5430657
4830617
5815202
4242966
9319019
4693902
5028748
5747146
5103653
4919336
8638715
2301681
8501500
2682381
7342027
7857528
3444596
5666994
8529903
2972207
9125895
7556462
6456314
7633584
7619175
1344048
6542083
2853260
8649758
9581282
6879425
8477852
5410730
8690339
9187101
5313700
3271815
1145353
7443899
6719423
8238466
7027379
1832062
5447125
5639954
2312341
1952306
1557419
6219801
7251619
3037037
3737920
2380383
6418751
1612028
3556680
7069748
6080636
2242389
4073600
9648778
1829937
9222899
1882774
1889054
2638882
8180893
5364452
9306613
4418397
5858981
1248681
3024353
3027434
4334410
6594508
4177582
1812285
8779586
1299893
4775451
2325887
8945323
1800470
7637954
8095684
3723791
3193879
4845845
3828216
9288721
6227154
9082300
8511363
4115290
9423315
9720916
5410122
6256760
3894227
6221443
1623765
5653698
4861231
3690104
6015990
1581379
1866056
8084676
5960872
1399670
7087982
1959406
8686661
5027870
1580885
3449706
8399240
4105415
3626261
9712263
3016813
6732920
4227223
7184227
3607814
5536529
7702607
2130085
3858071
8019264
6208886
9292353
3627742
7354255
9201837
6307164
8855634
5969409
6252154
1732642
7010936
3961461
4440621
9092008
3139753
2937125
6345981
6071893
4619563
3507099
3678093
2180912
1641463
2749401
5807434
9545081
1566693
1910066
5423426
8843323
1846914
8844102
8589006
9189232
2454058
8835435
4761725
5689656
1938117
2584971
3593314
5086815
1257106
2055675
3723110
8814618
4532617
2238342
6930438
7128449
1696370
4015952
4231811
1684592
4155408
7966036
6382150
6359077
4424079
9748528
6335534
3540037
2611642
3320701
8124182
9550565
6469570
7832265
6255592
1378125
6382469
9943980
5893306
3481055
6200912
4320920
4735123
8313445
5444752
8471702
2878510
3721573
7237579
5037531
4809838
9203336
4367718
9679826
4965864
3976932
6914510
3284780
5463596
5446081
7177749
7606652
9117790
5446742
5512181
5820714
1179471
2528962
9515079
2748123
1967701
3676141
2794283
3524534
4137919
7981832
4676045
1811444
8003579
6969478
9933489
5303589
7688951
1866885
1121510
8866163
1578318
7424300
2276784
2523019
6360051
9638647
3972627
9775681
1858090
4788849
2899153
4659075
1798088
3183872
4447920
2556413
8780829
8949035
9936783
2912430
9102466
5377277
4514668
2959842
7112039
8087176
2060685
5732753
7207736
4490241
6218205
7875919
5768584
5133251
1687525
7624062
7559111
7519937
2503851
4995618
2194157
7593866
1565592
2692084
7774449
3670592
7258084
4597235
7240814
3925656
8948490
6484765
8069853
7623666
9068300
5947145
5947066
2888095
8770250
3624815
9153071
8870913
4529358
7723116
3967140
2589222
1507474
1215497
5492194
5554322
8716866
3776627
1256877
3775031
6438175
6084284
9041343
1344199
4388175
8459457
3010381
1864619
4200865
2952998
2020220
9364235
6814434
2117648
1413302
9204483
5482156
7101168
5283336
5191365
8457995
5879862
5117787
2018363
1206534
3800160
9011025
2247281
2505957
3120630
8745200
7603709
6890038
8274559
4130675
9288865
4957860
8711797
2076190
1378265
7171673
5964843
9743063
4444129
1692953
7777891
9368658
1831986
9218850
7291308
5067952
5051846
6743553
1470364
1417425
9784762
2445118
7373825
2197508
4960377
5142520
2028159
8624851
9186891
7893310
8432038
2651975
3626074
1684526
3531325
7375265
4349289
5425094
2955656
4339385
6788248
7941102
6459436
3267618
3150138
5609900
8298794
5241561
1227631
5206697
7074717
2279733
7838067
7480598
8090984
4764914
5143702
2175666
8819043
8557863
2333045
4678434
5565564
8430101
8768212
6423072
4141834
3466080
3940593
2485821
2810942
4568859
4284620
4135452
2497740
2977549
9173544
5982785
5989101
5149218
5758398
4470709
6951485
3257445
1263452
7171181
6684051
1123401
4391868
5796250
2040149
3717231
1245326
3342845
4215703
9474022
3423746
2903088
5346339
6971999
3538540
1164973
4140557
3956525
8704424
7427279
9181145
8848915
3117813
5961878
5146383
4151753
2140146
6594087
8721719
6711509
8214997
7903957
4415194
7647102
9067571
3952304
8701871
9614685
1605945
3996717
6036851
1924353
8432786
7512164
7265103
1607373
6041328
8710079
3218885
6432711
7693454
5687565
9685012
8996495
6385892
9837147
9330297
4400451
7132719
2509656
5320601
3783369
1926530
7785473
6919463
2471376
3664359
2358525
5412068
9906766
9954666
3945444
2418957
9681724
2952468
3217506
4411451
4228975
5759901
7986636
8142862
4539224
3391225
6707079
4220732
6103759
2662924
2629966
8525814
8272049
4624712
6788391
4765024
9909805
3118676
2768007
1885173
9669907
7259436
1611192
6951845
5422766
9781649
2091148
8462534
8866437
3073603
3323084
6252751
7227473
4052275
6600544
2784808
1508194
4007654
5478284
2114855
3307079
4173224
3359298
5740511
6045585
5708830
7994773
4416621
5154435
4847061
9717253
8974347
5900977
6657271
9767696
4134525
2127329
1556920
3314315
8781643
9914904
2748247
2339292
5503356
2035165
2755344
8912248
4287430
1278499
8193290
2715766
8358182
3274178
6185371
4620041
8728351
7008318
3219526
1529169
5676954
8282460
4440423
7260022
2265063
3790014
9826809
4127450
7826215
5741353
2845469
6199085
4739449
4672085
6942710
1417948
7842781
1223641
6854537
5394136
2463922
1806115
4546947
1158676
5795343
2250685
3098790
3967182
8585819
1283748
9662406
8185815
9501497
1993469
3603930
7475880
2784178
3584684
5505133
3789581
5199597
8596781
7507792
2391593
4663076
8915373
7997820
5573668
7028953
6267156
2640728
3682190
7295112
8257447
4987917
2822128
4816239
7611932
7885530
9796945
1731503
2710973
7878810
6936161
2757617
7867771
9744816
6814651
7016121
3719336
6447735
1450033
1800568
7820693
9442614
8467093
9841122
5634370
3524732
9571137
7795033
1351418
2079238
7225001
7317251
9899155
2299159
6085870
1763567
7719972
4536824
3864215
1185829
6216407
3720696
1624923
2740873
6065190
6180459
4708429
4270508
9603524
9776216
7805533
3648209
5917784
1984647
9561672
3029098
5441940
5593396
8558996
7745659
5863390
5989222
9310760
3946919
2368760
7793953
5498966
3480630
2615280
9985409
3879800
6150239
3998286
4538136
8808885
1518674
4770142
3069817
8412177
9099789
6546664
6341097
9512405
5476494
2879897
2563548
2474855
3542124
6917273
9156268
7753060
9789393
1301749
8845837
9929512
3946399
4726230
7782795
7363550
1938197
2592080
2428041
2482890
7055671
6876804
1657855
1237905
4162413
1848930
3265520
4636266
8335633
7997327
5981640
7785861
4358735
5478316
6767939
6233400
3891676
9743916
1509675
6295564
1434500
9321906
8649833
6677809
3983312
8708087
5629758
9100753
1869078
6739857
8210912
1468852
4135907
8581884
8829258
6509120
7671795
4669731
4112543
7461192
9348996
6097665
1858344
9434975
9051828
2213601
1735696
4902235
9227765
7823337
8373756
7247245
5271866
9978322
9780305
6118837
4747311
2629418
8655214
6892239
2644334
3467582
3123334
6760903
8588693
5941395
7310581
9279114
9138206
6354175
5861157
9302437
9916377
4780183
4059463
8904145
6688409
8261322
5311253
5279654
2663949
5222137
4900098
3424214
2045594
8493403
9939530
9060067
8254061
2123433
6374147
7397151
8501807
8235937
3189522
7191547
9087930
5504846
2424660
5610730
1476786
4811856
8248943
9609755
6416501
9287511
8471419
8071368
5571447
2063909
2767364
6960105
8884284
8502655
2634290
8457006
9136777
4239886
1437910
2263436
2019564
4583561
2994120
6626205
7435352
8450672
3492849
2833380
1251629
6155014
2654275
4370344
8911573
6770274
4926848
8171059
8607501
1311587
4779302
4694014
9419270
5174997
3457443
3905558
1707878
3880721
3405989
8519932
2164865
2308774
8582748
2853418
6581545
4864731
6862404
2240901
4132897
2625655
8947788
9845627
6103994
1315634
7546412
1752012
2110518
1454187
9778548
2251634
3457961
7222449
4360000
9213241
7722933
2195801
2475454
3982039
9339615
2442860
3855685
2690479
4790407
3594218
2393689
7857437
9251120
3169358
7114327
4847630
2758052
8011531
6583381
7902500
9478910
8043427
9084994
1345856
2915294
9766966
2965601
8414121
1393251
2927057
8877746
3935912
5562808
9942290
3468266
6332325
5786764
8871712
8059310
6276404
1263194
1762099
1154250
6292324
8486522
5481172
1838990
1419982
1409945
5028775
4400831
4913237
9047973
4568692
6713788
5178817
8486073
2677265
9224571
5937081
3582554
9134367
2843918
2670009
1295105
8947687
7169037
6100516
1421524
2341821
8014590
2928485
3593895
1234854
3479280
3290266
9679562
9189873
6759005
5495079
6236028
6245368
4590229
1192009
9714696
8835481
8126367
8259616
5439622
2534789
5258567
3868170
2209255
7147837
3376804
9822327
2797346
3625612
9537673
8584916
8674381
5409501
3141291
2711876
8371137
7109122
6037132
5649122
2667660
5446589
5947990
7371385
7177950
7012586
4090191
5377619
5478007
8980587
6388923
8639260
5959150
2567324
5169160
8615759
6950213
3789156
1761849
3966915
2146559
6807897
1742882
8285261
1399899
9177866
8026023
3798480
3730340
5713617
1173093
4352487
6939502
4197166
4636992
4468185
4236268
5526443
3726472
1735225
4456179
6928968
3691013
6272499
4737684
9322986
8663751
1498399
8512145
7961414
1319043
6928355
8190068
3057750
3795883
4902519
5354580
1178128
8356504
6622159
3863049
9330414
7905451
5494736
4349083
8038821
3429887
4371677
3117729
3668229
7305580
5065776
5993616
7780860
2698679
9944725
7025118
7165010
9264514
1308792
1384113
3360748
7406225
8282280
2884944
1988081
7750854
4443397
3494473
3869603
1698869
7137352
1882733
2144755
5547931
4065855
7026602
5234814
6201371
4977702
9350412
3121706
3237478
6393431
7369434
2655579
5507741
7880310
8568116
9373990
3449577
4279821
8114441
5197178
3478044
5963542
9471304
2631084
6188522
3221651
8168133
8995626
9805994
5558966
5996334
6139263
3182603
8162240
2097832
9873498
7707565
3232780
6810009
2977735
8757643
7983941
8397034
7894442
7410381
9156203
6139959
7047717
4290654
4653801
2595950
9794528
7792448
9139172
6158334
1209330
1529631
1252907
7231471
4422419
6787527
5537345
8276153
6472771
7490219
8557701
1878965
8768382
5490309
7677801
4292201
4086674
9225594
8967535
4209644
8313098
2688872
3775986
3785894
2571987
8027548
7658838
8244879
6942430
6683082
2515284
9683415
1547583
8381718
1591091
6837662
5344798
7783291
5275511
7119280
5895369
1666200
1877494
7532448
5170707
4185054
9128649
8061948
6318326
2619121
4325089
6634938
6457402
4905593
7783551
8031565
7387495
6496243
1776957
6908400
8600027
2614749
1379805
1607604
5452845
7346299
8943394
2066930
7131640
5240947
4587559
5112711
2439591
9910027
5565643
9513986
4936711
1304393
1538541
6410238
4003122
2382580
4151821
8251361
8451784
5041432
1854464
5488542
5113201
9121378
7485121
4719297
7108244
5927785
6224333
5691365
5687985
8774151
2555873
4606449
2872425
5382661
1184100
1802517
9784058
8215980
2100402
5467530
1496351
3971586
5566989
4160160
3032253
8671625
9632195
4171252
3075805
1163252
8234962
7988121
6166994
6201026
3630316
8581750
5397371
1861547
1410517
9044395
8658783
2948454
1746516
5554057
3981551
4010862
8379793
5126894
9671226
3164869
8786412
7988739
8349929
8124155
9415719
6986204
8586634
9399176
5905110
2817832
1295041
7991420
5692709
2518708
8101462
9631647
5948542
5689114
9816689
9937325
1695008
2571280
4822307
9819703
6852209
3704189
7803012
9994969
6263734
9560805
3882129
6175070
5153900
8712659
8005889
7633980
3407053
6008567
3669735
5611446
6770178
9097349
6095777
9243639
9404980
6600376
2558868
4438386
8293118
9143628
6944186
3653797
3210272
6252313
9690049
5113737
2535423
1905413
4336494
1843221
6075876
6343836
1509641
6418247
7560380
4339779
5292346
9581010
4508148
2251426
3278096
2961633
1351366
4668485
7729922
1161943
6042104
4203622
9868605
3955813
5894431
3327628
6075508
6122808
3702658
6149689
2830777
4283864
9139029
1869995
5568511
7798501
2325294
5134057
9418763
9153431
7486658
9665199
9135118
8040013
4985849
8336261
2716953
1196391
4970772
7380872
8089756
3557324
1624051
3945948
5851560
6080304
6404137
1663532
6411442
6283788
2373621
2027647
2537038
1980868
3539388
6169143
7527663
7506196
9236263
6061145
9781412
4779372
7580805
3333179
4107087
8994212
9006198
8210572
2901098
2605926
3607231
9142692
5058268
8745385
6393144
2899549
3276184
5119727
4089404
4627354
5656916
5828064
3611652
6176483
9470626
8585239
5867666
7165259
2676870
4939320
9285229
5490232
8794003
5009194
4447778
2562883
9397096
2654517
7064714
1709934
5520129
7165624
2676295
5734871
8417696
1809075
3504502
5349736
3100991
5929737
5121573
4600474
6377161
2799041
3966063
3564159
5475852
6908192
8421847
4486715
8634349
1373122
5534312
7554776
7643036
4153220
3835178
6059592
2743470
4664592
4031923
8896374
2699511
4405555
9255410
6123448
2650068
2593920
3785512
2023594
4304845
1885432
7671966
6535977
2620558
2073761
6164658
2855897
7029483
2764861
7561165
4360810
9362174
3652812
9439734
8671711
8602251
2668092
7791555
5642323
8037453
2353724
1844783
2205394
3426675
3427621
4975015
6756687
4429706
7981461
8187735
3827554
2022851
2683895
3857532
2850787
6907998
5492243
7940507
3088222
3691941
2106537
9524024
2569823
4506245
5822559
4081216
7996450
5933208
4876652
9254012
4399932
4197698
9640186
8218062
4252536
7151552
5457071
5301478
3577708
3843252
4249599
5760486
3841342
7538429
3063857
9602832
8873570
4752397
2706428
7652441
6647757
7816919
9014594
1798583
2675811
9630564
9467856
3967168
8057773
6427634
2948359
2191863
8760561
3362181
7191902
2578076
5118932
6463526
7850371
4095111
5949141
1902217
5999782
5960822
5721596
1253872
2467245
7958754
1970505
7781801
5450109
8346421
1977811
5883724
7569594
3289827
6492737
5806664
4600333
5398773
9947819
3025206
8094872
7076192
6676920
9958234
7517250
6329253
8147450
5490738
4800010
2235103
6335208
9218369
5682372
9220895
5063783
3156433
6580818
5740973
9631735
7120947
1971050
9164048
1242261
5733242
2466621
7413201
1748602
9215039
4351200
8821881
7428042
7310889
4000077
7444482
2569027
6625105
4916482
9680921
6087119
3101172
4964153
7443738
6047558
2855695
9011199
5703211
5988563
8450930
6238086
8083702
1828345
1406051
2210198
1510248
4254137
6489497
2903577
3719914
8112820
9498669
7020852
9556064
3400629
6575819
5469702
1728511
7723125
6527024
6386065
2393698
6496852
9798562
5232951
2082113
7523899
4506184
6492998
1587927
9651849
1326482
5287379
3259365
9521680
5362360
4742561
8547812
8827662
3546601
3081539
4347891
3525524
7142109
5780543
3743705
5432670
1549481
8504883
7581371
4855636
5240576
4085378
7659603
5417335
4225746
2928843
3423233
3115914
3914529
3159270
7477165
7344223
7459946
2404337
9142769
7972769
5765900
6451580
1628847
4867301
6983556
5000840
7073703
4337705
6617424
9143719
8214019
7576275
8582329
8481935
2686621
9579641
6285471
1346496
2825837
7947907
3434173
1558614
2636137
1630434
9691966
8833711
5658009
8745471
2979045
1313187
6702953
2046993
6491960
8910151
3254797
6337251
7229382
9773802
4834480
2563811
1381647
4883443
9905205
5413193
1284338
4138500
3079260
8796089
4930255
9515914
2388991
7547906
3765798
8523687
9288322
9826327
7607028
1462214
3904044
5551862
8542033
6711077
7825503
2943971
1607809
8024453
8064491
6211152
2972136
2711166
2202727
4761227
9544533
5236101
1534326
3857857
3443517
6704964
7231613
8113967
3070401
6006054
4589486
5575902
3187825
4598025
8531462
4242674
1520273
5880779
1879095
9799675
5331951
3057115
4687137
2388664
6018788
1667617
9698398
1790567
6261485
8778650
5825215
1341444
4791164
6151657
5338317
3666715
2968165
5996861
6542700
3416271
9881709
9970682
4925586
9709327
3768953
9345490
4437825
5070974
7902864
8524965
2415254
9984134
5050828
9276032
9907263
8508197
5609811
5210727
9081126
2996649
3391300
9041216
8271947
1687678
7875472
1601058
8893643
9579920
4879625
5994123
5680982
4228641
3281498
3237730
8735130
6678205
7520617
5444123
1177391
4931731
8307646
7323636
8330657
3080489
2274580
6733909
6085362
4743512
4231701
8702983
3928089
9548391
4419258
4761325
8729518
9524442
8304558
7428685
4772087
7673072
4277999
8506572
6934939
3719310
7975809
6022892
3461004
2697563
9598650
8711562
1455238
5270064
7299045
7707761
1131134
7666157
8511235
1845856
4927132
7308871
1428078
9715854
9304113
9720870
5093369
2275916
8083132
3780205
7003569
6651861
3392240
7004370
1112792
3704667
6088085
8748529
4636374
4425113
5521725
2351734
9831901
1795686
8936438
4756753
9325577
7597548
6295651
1989455
1775888
3753104
4386685
3317327
1608797
4945919
2451737
5992639
7713780
8289125
2554741
2674190
3450401
4385673
7285348
7429121
1782145
1604208
7743508
6085217
8551666
4577369
5145193
9969921
3855662
7489712
5302556
2913670
4109108
5128918
8844334
6401121
4031755
5555098
1195562
4428083
1364189
6629461
4814497
8303870
7585922
5053541
1717646
7698271
9498014
4663340
5807844
4919000
4384151
6318937
5165377
8056596
1244986
1677603
2124731
9844705
3883506
1533751
7450825
7543059
5834192
6850497
8616774
2205045
5951354
9249154
8813039
2385811
7405958
4434171
1539156
1518516
6353286
8998695
8626252
4319580
7426231
4990808
5243416
3346873
9627915
2462038
1363734
1191168
4971433
8544232
2744622
2051419
3163042
3594467
7189191
9768806
8100289
2479302
6889260
9746678
7477496
6050134
7290140
2023395
2817310
3770851
5214340
6226682
1720941
7175336
2912520
7129618
1527257
8048399
1563360
8579796
7578604
2319408
9345584
4522256
3080348
4956882
9934372
8349609
1844164
1139066
2807584
2936127
1672044
7370175
3781881
9617273
6800533
3168616
9580041
1133153
5214640
2276622
7742939
7190071
1643625
2124107
3507004
5393240
2065878
5406696
5699993
2762837
9837511
6362448
6804751
2206880
2165658
9052806
8304027
9055750
3116629
8184602
7081705
1134029
4151692
4585672
1126077
2909825
7318869
9827960
1113191
3610719
4289479
7058892
4371028
4971326
4048999
2347834
7289545
5423487
8318540
5076658
2808365
9262422
6073650
9688035
1977738
5663695
1558964
9678551
7527043
6906390
5400221
6975417
7129855
3708776
8821019
5980776
1385872
1301466
4410756
8913701
5439458
4835573
7429899
7718090
5198001
7324229
6963271
5787984
7734300
4740293
7362320
6300612
1600681
5884049
9478303
8006060
3322074
9355100
1467256
7306768
4366583
2306201
8214315
2693203
3662404
4947228
9022485
8331017
2222126
7302288
5600287
8363781
2962745
2414888
2723037
1505765
2962639
9780650
4952519
9463047
7305973
4091621
8464270
3320262
8858660
9714582
8555618
1124182
7709041
6200021
4446709
6293902
7744850
2676760
1613934
8153843
5248561
7861146
1749252
1977739
1334362
6243821
7634106
2990822
8740486
2468022
6612345
3349245
4115372
3149922
5563039
1183959
4362187
5565023
1324834
3349157
5729658
2511077
6510924
5664708
2298664
9665477
2362406
3903684
7610199
7929464
2839652
4423210
7477853
9067167
4296241
6509532
7441466
2529864
6836131
6635782
7151297
8852093
6600977
2249890
2442212
1192157
6442816
6252841
5569840
4106738
2508479
1561228
7585119
4189332
6308158
4086291
6896024
5950609
8788780
9257886
9889466
7298318
7169162
2654529
2060003
1232180
1595989
4819420
2224404
1583673
7742137
3681638
6041955
5543229
8716486
2228641
7415930
6773279
5072844
2075716
4185778
2203224
1582749
6338147
1239070
3565159
6360462
7993847
3488391
1809024
6911372
5715946
2075583
5416141
4299862
5523153
7123422
7821977
8550229
2843275
3154084
2504018
6429043
7911550
8274892
9539893
9185439
6607686
4938949
8747819
9054136
3627940
4508029
4529463
4704179
5347015
9380005
5893220
3900906
1334969
7880032
7980879
5243197
9207128
5912742
2861143
6471347
8142650
9571337
4679098
9343838
9378466
6107545
6236050
2092323
9121142
1696606
7514303
2931908
8616146
7448502
6877562
2708269
6041828
9472543
4763175
6035432
2767335
3437074
8423429
5184071
9148831
3664097
2365022
1985959
8774289
7697511
2130360
7508381
4628718
2764113
4677282
2546124
1324395
5228896
6059903
9322607
3872469
2615741
3353895
7718631
9509717
6253061
7188479
7717039
3097417
5383920
3823079
2833460
4051555
5543092
4197176
3410439
2937919
3525969
2656542
6583577
3012357
5203204
4613940
2110348
8257442
3909627
9107153
2522044
4440474
6153945
3944786
8311756
4481742
8950217
3226631
6077791
1464958
9258563
9172408
1551783
6583577
3390373
2642245
5751143
2877897
2283736
5385720
2775156
9801957
7071287
1156638
7391524
8312890
3429127
5117570
2157250
5719015
6412580
1913498
4712523
8360049
6277802
7297570
5111795
3909467
7294355
2308936
2322612
4469969
9227806
1604567
7462660
6931506
3657722
9473274
3129736
5681383
1638009
2481606
8076035
2971118
9546851
3803827
9169256
8964390
5362388
8594370
7659736
2631479
3917125
4712137
2106221
5905712
7986971
1223345
6957444
1560069
5290446
8199033
2406968
4810063
6765865
7650566
2499241
7044650
7719849
2531111
9971622
7290017
6149101
8238289
7494447
4432906
4407123
5897119
7053559
9106044
2729793
9234345
5826688
4012213
1387440
7077007
9417384
3958123
8542965
8117324
9134182
8050411
5778824
8896552
4808755
5628374
2319209
7905666
8642102
6340754
3107062
2579478
3093629
1326391
7583781
4323835
4419613
4911355
2925180
4401008
8820917
6803659
9939062
4553088
5790814
1877629
5063825
1163216
6183053
7402337
6756285
1777869
4829940
1821669
7035590
9175692
5357375
6039929
7650046
1776955
2166982
2181176
5000964
5728290
3484390
7123990
2502482
6471887
7546624
4593764
8991897
3073616
7801111
8840328
9361435
9819085
4425397
8303108
3661160
6537212
1855569
8009930
9368131
2534545
1759388
1917019
7476557
2637573
5154886
4404439
8599583
4154613
6925733
7174505
8080518
3190259
6519048
9012215
1506193
1216047
2462393
6152433
4769460
6124328
3607311
7405806
1335819
3575962
3455900
2264801
1257104
8314183
7365559
5895877
6941883
3644763
1547607
2917488
5641542
6513240
5205063
4779604
9058225
4276532
5985713
4038500
5048960
2144531
5689228
6976944
5919105
5806845
7544625
1402336
4975772
5964142
7574588
6410721
4630774
8904888
1563917
3304487
7493751
2720170
5685133
7467701
6593502
2197417
8871674
6806890
7209794
5684059
5548681
2191648
5337709
3436171
3315262
2607067
1840534
9734268
8203454
9781403
3333996
2964673
8630620
8270447
1472542
3263314
7480617
6636843
4798759
1590940
5199699
3067287
8248716
6741300
9242679
6405539
3352924
6299737
4398299
9777507
2554591
4627469
8316235
4684114
9379521
1332010
5322825
3632298
7984183
9067499
5935272
6887888
4675956
6710172
4529792
5372246
4486889
6536554
7330175
4440032
2486477
1496161
7825439
5372153
6408224
5256259
4987397
8558858
4686840
7103276
2481746
5584175
8442201
7652039
6293525
2326101
3142461
9125923
6700542
9821632
4638500
6280366
2190758
6612846
6232854
3603282
4925372
9956479
5299591
7280455
9615864
3258057
2128038
8575369
2551523
4908568
6709355
6233463
7311980
5326835
3673790
7307420
3300293
4324340
6043612
7480529
4216898
1897854
1160939
8471250
1730856
9340494
8084253
4858797
8840540
9649609
3136023
3724065
4120590
3930228
3394071
2872344
4780377
2351778
8016362
9414246
4025392
3558263
3419024
9208338
1422245
6785519
4525093
3777396
9073592
4491038
4674165
4489553
9881280
3880718
8731454
4020817
3285706
8444231
3342878
9193753
5844391
5494550
1922493
3016224
3982046
9424231
1862520
5785428
1590075
7935391
5192563
9377099
9286241
3411362
6509722
2718323
3125543
5743857
6398550
2083164
1601487
4558457
9845595
9688586
2585499
3190713
5526606
6314425
3191538
2655130
7675773
7353001
5177264
3735277
2729489
5113354
3452381
1363206
4801556
4793278
1559242
9923788
5633418
2127793
8037565
4726287
3475601
1595114
1138487
2845185
2940992
7905069
4249200
9926358
9619119
3479627
5001050
6714835
7049739
5419538
3299516
4599064
5843248
1219365
3072007
8000690
8673551
8929645
4549907
9435132
1823372
6812761
7137184
6184073
1931781
4245822
2774844
7695755
8078345
2218742
3772851
4970934
3815731
9267803
8738944
6614035
4685289
9606888
1479687
6267737
8061048
5489551
2480340
7803223
4244438
3110931
4019662
6183244
9685775
5949839
8878483
5129353
4426577
1411100
2993978
1665336
4200635
4095975
2463926
2147265
5308008
5991011
8933021
9970133
4718593
4899696
1479962
9641486
6159328
8841554
2002544
1658047
1765332
9443123
9572852
5094785
2794235
8380624
9181639
6675788
6067375
5065970
8260552
5213245
3483475
1908975
3868692
1933079
2440496
9322846
9609869
3392259
7367451
1718153
2492196
6020310
3937151
2395644
7898236
9858208
9413857
4439417
5610553
2195600
4225646
4528338
4294827
2853159
9005731
9298475
9721555
2183013
2013032
4308216
6998898
7405576
1946070
4555950
4010656
7507155
1660475
9857595
8084106
8048368
1716204
1865980
4508619
6595943
6832667
6192204
6454685
3724290
2149874
8207165
3691457
5483218
6005160
8014291
8964363
5011602
6333359
8079996
5536366
6955655
6511650
7042720
5504980
8499660
7143031
3884555
6632068
9209523
7738057
9064584
8597123
8176687
4196518
6871613
4217134
7862731
3765512
1502004
2690988
5051873
7174093
5513371
7054025
4693628
1177623
7281022
4860051
6900503
2451279
9950691
6598249
1157059
3689580
3439738
2942848
1521907
7295372
9431881
2632827
9012411
7261708
5954482
8220552
3208735
2394532
4457105
8824788
2088602
7669946
5129330
4229277
5267689
6464152
5302519
4616622
8507219
8143090
7194299
6571490
6645317
3150431
7567381
3537666
8010977
5406193
9811082
2252242
9678591
4849444
7952558
5875752
4747589
8920776
9470008
5973180
6751910
6841505
3458038
3485036
6247042
6886276
1520608
5918091
2589315
8946711
5182304
4739715
6018381
3696037
1798503
3740879
3070583
5231731
6066697
1761173
3992589
9622527
9678739
2839381
8775797
8016069
3324928
8059896
5819581
1154140
4003244
5959068
4609917
3030108
9658796
1984085
8591739
1315757
9328358
4042242
5152616
1502646
4303600
7019759
4302606
1978078
5220787
6761749
1326410
5855248
3443120
6416480
9756165
3075908
8794619
4305949
9278502
9557335
3965710
8236992
8300667
1164257
3801421
4073659
1682032
2724309
1990386
8092143
4515237
8699287
2678165
9018098
6538925
3297794
6507539
9686889
9695889
6810234
3654969
1766477
6692311
9699808
5510669
7263746
7578507
9171886
3985141
7620827
4522758
8926885
4986332
8921290
1458045
8540609
7247038
7545683
7096904
5249665
8151113
6997719
8083433
5438873
4037244
1707045
9189557
7902643
4474430
5453785
3190601
4375264
1638281
8052245
3912857
9134110
2503786
9303198
4024374
8392059
8184724
5372522
9940377
1545980
2454725
7727901
7538867
3178928
8257555
3973518
4721829
5461428
3003563
1122203
4114271
4805065
9760489
4779056
5212043
5355714
6330918
6081095
1141517
8690800
3844436
3161336
9800222
1320368
9412039
1729855
3362151
2351981
2848634
7161398
4674506
8514957
1577776
1987834
5859087
5292880
3942236
9220432
4829354
7437588
6950946
2501477
1622507
9955327
1254063
4858130
7989589
9433063
2893293
7288942
6936756
1162728
4823904
3475988
6626162
3257041
2294088
9005071
3218700
8026854
2202575
9435073
7014674
5810930
2894475
2853933
5342121
8550225
7489075
2017087
1679563
2925558
5059776
3975924
2334318
2176408
9355487
9659925
2280692
7604668
1846335
3810931
8387214
3759935
4366515
6610515
2195524
8908511
7300092
9015356
7414863
8998697
6333299
2551963
5276197
7734876
2823260
3922362
3266094
6565524
9157410
1637007
5746680
5187564
9108449
6380709
9951435
9063783
6860409
9046241
3773587
9554500
8282637
8993996
1970876
7090930
1121270
5322457
8149869
8082679
3978648
4277171
9481332
8097998
9470055
2306380
5724518
3581646
3774114
3448806
1384564
2023924
7839865
2330307
5486479
6498759
1160321
8784777
2526286
9748896
2052585
8788162
3548309
9044232
8721511
5062114
4382357
2315531
6812719
3319215
6254699
8568950
5950093
9384636
8765577
4732191
3233206
7488133
7095415
9120564
3432497
3802151
4302381
4885799
6714209
9941615
4414526
9366188
5737228
8140015
2207563
9033683
2668028
8103676
6237477
7227399
7191371
9690346
3640952
1200854
5009291
3580870
7442800
6654277
3796635
9592823
8361689
9315044
5622138
2386367
1704347
4731498
4467026
5053310
2269060
3141221
9694004
4780141
2329570
9342526
8389912
8119664
6823330
2364843
5352172
6886278
7320961
1524495
7079902
8963937
6708826
6203403
8923892
2359916
3307502
9950226
6719826
1242432
4965883
9610142
6392096
5659580
2690819
5597217
4901154
3273040
9193297
1757753
7682686
8598387
1994290
8339876
7887253
6994759
9732684
9198013
6870466
7895061
9939414
5837610
5564127
4388951
5325809
5440695
9994421
7603530
7972980
4958253
9322689
2698724
6385314
7776477
4822789
8736660
3537407
9905972
3609502
5495048
2965158
7844875
4694738
6361913
7004199
1988291
8915691
4335036
3077131
5152309
5360963
4203866
1695860
6660215
7749444
9442975
1174956
5675148
9519976
6231450
7230304
8922203
8320586
5006557
3481719
7141743
4611622
9917657
2286367
3694324
4022245
6959909
9299297
9713862
8603095
8628523
9796114
9238842
1859817
6008805
4072754
5030651
9301606
1591925
1908055
8964977
8193932
2142469
4332847
8919944
2702398
8785441
3825080
8036126
5807200
2827870
5279533
9024845
5201146
8171990
1389196
5917023
4843447
4910197
2128611
3312523
1250239
9791511
4817150
2703207
3244169
8034645
2714226
7606153
9295511
7820950
1384899
1140710
2023081
4364077
7899325
8742521
6145212
3216788
1770464
8451020
2916826
7825133
4195597
2970223
6003127
9264062
3839240
7026919
3671801
2968685
1263608
7429018
1832946
3376429
8201264
3183811
1964517
8240797
6197598
1348132
1620080
5401592
1156883
7803953
8421612
5946298
4497290
8887994
1971376
6022415
9075204
9350239
4224850
1652078
